10 -2
11 0.4940652577187945
12 0.4922819542083407
13 0.49325095228823224
14 0.4948430057619134
15 0.4993848590251985
16 0.4952502875166207
17 0.49978721172322954
18 0.43657025854381215
19 0.19242820346225037
20 0.11443012516003037
21 0.12872922627008618
22 0.16874517865689032
23 -0.243972583204776
24 0.0656457461485018
25 0.14511805553590887
26 0.04782354873610278
27 0.14397870004966115
28 -0.1578234190126643
29 -0.15673251695620133
30 -0.15837932886793976
31 -0.15783986568296468
32 -0.1952023240297423
33 -0.19948287718745542
34 -0.16834438629710508
35 -0.4314121459338485
36 -0.410501961363173
37 -0.4667088827906071
38 -0.4008496864352945
39 -0.42049292064528443
40 -0.4587076575620417
41 -0.5161184802800785
42 -0.4942692638908306
43 -0.5265961630499116
44 -0.5165731986986453
45 -0.5417289316425478
46 -0.5274086131710863
47 -0.5426800552321716
48 -0.5083102733021188
49 -0.6422639331126024
50 -0.5484971168116087
