846160 1
820434 2
849103 2
846353 1
848613 2
846978 1
847332 2
847300 3
846924 1
846452 1
818743 1
1005857 4
1005802 2
1005968 1
1005901 5
1005990 1
1005953 1
1005899 2
620243 2
1005717 1
1005837 6
521046 4
518990 1
518979 1
518988 2
518896 1
521019 5
520353 7
519512 4
520197 1
521117 1
518969 1
518754 1
518913 2
520117 1
518812 1
963217 2
1003047 1
963216 2
961070 5
960606 2
960487 5
961975 2
619095 6
618975 2
619519 2
619105 2
478158 2
533961 2
535634 1
535030 2
536520 2
536592 6
535934 5
535257 1
533799 2
536663 4
536543 4
1108042 1
1107846 8
1107386 4
1107566 2
1107551 2
400635 2
389562 2
1125099 1
389987 2
1040661 2
1040154 2
1077517 1
1040166 9
1077458 3
1077761 1
1077712 2
1077503 1
1077557 6
1040887 2
1077687 10
1077399 2
1077501 2
1040596 7
1077532 5
1077666 1
1040259 1
1040230 2
1077529 2
1077734 2
1077645 1
1077477 1
1077628 11
1077767 2
1077424 12
1244161 1
1247611 1
1248131 1
640532 1
637211 2
637017 2
636618 2
636517 1
1228255 6
1227749 7
1227468 1
1227378 1
1227989 4
1227730 7
1227446 2
1227544 4
1227976 5
1228117 6
1227434 1
1227243 1
1227964 2
1227794 2
1227633 1
1227418 2
1227239 2
1224764 5
1400848 6
1430219 7
1449999 1
1449868 2
723318 5
749109 2
734278 2
722797 8
775403 1
775226 1
775309 3
790029 1
775297 7
598561 2
774935 1
775197 2
775144 1
482571 1
479775 1
459497 13
475063 1
482206 14
463982 2
479543 2
459718 2
792846 2
792656 1
791758 1
793134 1
793009 1
791896 4
791872 4
792016 1
792914 1
792988 1
791901 1
793039 7
792960 2
792867 5
1382621 2
1382413 1
1314895 5
1382197 3
1265881 4
1380433 5
1382381 1
1332871 2
1346255 2
1226115 2
1195602 2
1382644 1
1382015 4
1381903 15
1247764 2
834976 8
834953 1
933757 2
934543 6
934450 5
835372 2
865299 5
806093 2
560899 2
560555 5
865300 1
821944 9
821851 9
560499 1
822470 1
560901 7
560431 2
831853 2
831850 5
832825 1
818194 4
831751 2
803875 1
818486 1
803854 4
831668 4
1004868 1
1004819 5
1004859 1
1005084 1
1005668 1
1004845 1
1005145 6
1005637 2
1005138 7
519074 15
517763 6
517641 1
517589 1
517456 9
518682 2
517757 2
516843 1
517705 1
517326 1
519375 1
517625 1
516984 5
517620 8
517556 2
516714 1
516594 2
516646 1
517500 1
517428 2
516569 2
519076 4
517772 1
517467 1
387455 1
368082 2
368571 1
353114 1
349430 2
335555 15
368442 2
367377 1
335828 15
335551 6
374302 1
367133 2
368514 7
367026 1
335808 2
337692 1
335781 8
335452 1
335768 2
335436 1
935643 2
922316 1
366999 6
944340 2
935514 1
960079 2
944304 12
368542 1
959909 7
2101337 8
2101335 1
2102165 1
2102061 2
2101885 2
524644 4
532880 5
524848 1
532703 1
524391 2
524846 16
524845 2
524351 2
400531 2
1067050 2
1097079 2
1065847 2
1094784 1
1065669 2
1064754 4
1066710 2
1038959 1
1038842 1
1039155 1
1038690 5
1038921 2
1039990 1
1038883 8
1023725 1
1038880 1
1039348 1
1038996 1
1038875 2
1038704 1
1002453 1
1038979 4
1038815 5
1038945 1
1195684 7
1230698 1
1195775 2
1225780 2
871232 1
765039 4
696896 2
681810 6
832342 2
657946 1
334181 1
596247 2
1223764 1
1224496 17
1223761 3
1224492 2
597257 2
1223739 2
1211398 2
1224454 5
597372 2
596455 2
1222665 1
596813 2
596643 2
597159 2
1222578 1
1224259 1
597157 2
1222968 1
597004 2
1222894 8
1383594 2
1396864 3
406747 3
407674 2
1384195 5
1383143 1
1383865 2
407582 18
1383115 7
1383596 1
1383858 1
720866 1
721466 4
718087 1
1279000 1
598801 6
1350327 6
1279123 5
598072 2
1278248 2
1278753 2
1278245 4
597530 1
597616 2
1278569 2
437239 19
406190 1
426173 3
406863 4
407703 2
441164 8
438799 1
407117 8
407600 2
779918 1
779196 4
791140 1
779057 2
779672 5
779429 1
791106 1
779426 1
1195917 1
1179412 2
1162896 2
876696 2
1195446 1
1139544 2
1053953 6
1162792 6
1153720 2
903245 3
1162727 2
1177854 2
1195881 5
1123007 1
1177991 1
1162830 1
1122937 1
819760 2
894582 1
819734 6
819789 2
819928 2
819851 8
834600 6
805986 2
560115 2
805980 5
541305 1
541156 8
540946 2
541140 2
560372 2
541231 1
808846 1
350489 2
808692 6
806802 1
350927 7
808049 5
808029 1
350787 5
1004409 2
989776 2
1004099 1
990152 7
990556 1
1004124 15
990960 2
515926 2
515835 2
516294 7
515470 1
516004 2
515500 1
517242 10
515483 1
517227 2
515860 2
515590 1
515361 2
515735 1
516471 2
515611 4
959862 2
959860 2
959820 2
903231 2
959695 2
948910 2
1109733 5
1109616 1
2102050 2
1082018 1
1037975 1
1038558 1
2101997 6
1110364 1
1109863 1
523831 7
524982 2
524703 1
523934 5
524932 1
524759 7
524656 4
523990 1
523876 2
524067 2
524748 1
524191 6
1068748 6
1053922 2
1066981 2
1077867 1
1068714 2
1078999 2
621720 1
1002759 2
1002370 1
1002364 2
1020580 2
1002830 2
1002668 2
1020649 2
1001588 2
374298 1
387840 1
635981 2
388693 2
618120 2
576062 2
620773 3
574757 2
618692 20
622732 6
440614 6
372899 2
598176 2
400761 2
582093 4
620068 1
423026 1
1210238 1
1209286 1
1210036 2
1223549 5
1224217 1
1210259 2
1382235 8
1382096 2
403578 1
407708 1
1382782 2
404586 4
403654 1
403623 1
1383390 3
719120 7
720411 1
719964 1
719360 2
719193 2
720190 21
692690 5
719429 1
1279508 1
318539 2
403935 2
400720 1
404103 22
403755 2
538218 1
402270 3
406138 1
538578 8
538320 8
536961 7
538114 1
537797 8
537509 5
536913 7
777834 2
778680 4
777536 2
778476 2
777568 2
778733 1
778391 7
778696 1
778529 1
871947 2
871756 2
807658 7
807512 1
747976 1
871154 1
860266 1
872058 1
849182 1
860231 1
851648 1
870856 4
818229 8
870855 1
317222 5
846947 1
748463 1
871047 1
846935 8
790431 5
805411 2
819722 7
805390 23
790062 2
789847 1
820086 1
819970 1
819796 2
819872 1
805408 5
539525 2
539087 4
539324 4
539055 2
540358 2
539536 5
539108 5
988520 1
992105 6
989093 2
988556 5
992031 4
991488 2
988801 4
988794 1
976981 1
976934 1
976978 2
976930 2
514386 2
514016 1
514004 2
513915 1
907725 8
514319 1
514051 4
891364 1
902951 6
870828 1
871695 5
864447 1
902269 7
891219 7
871122 1
875880 2
871045 1
1038333 8
1037920 1
1038386 2
1037652 15
1038304 1
1037884 1
1038416 2
1037771 1
1038449 1
1037686 7
523150 2
521350 6
521132 2
521720 24
522398 18
521648 12
521479 6
522029 1
521952 1
523460 1
522368 2
521641 1
521882 1
1024791 1
1003901 1
976760 1
1003892 8
976758 4
1003858 8
1050526 2
987445 1
1001364 2
576361 2
482719 8
573953 2
573898 6
987791 6
481915 2
1195358 12
1181707 6
1195037 4
1154002 2
317871 2
316441 6
634781 2
334712 2
332940 2
331144 1
350912 5
334682 1
317686 2
313884 2
634957 2
330805 12
318867 2
334467 1
316763 2
635510 4
1193443 2
1193180 7
1196445 2
1196439 2
1193633 1
1197111 25
1193218 4
1150897 1
1149877 2
1193468 15
1197070 1
1193680 2
1150770 2
1149790 1
1379900 2
1378509 1
1281405 8
1366423 1
1282320 1
1365095 2
1380996 8
1364755 2
1378629 9
1329349 2
1264951 3
680284 6
680584 2
653231 2
680058 8
678649 2
680298 2
643707 1
669703 2
642972 8
652935 1
329551 4
1276836 26
1277623 2
329775 5
1277168 2
330537 5
1497623 2
1511542 5
1497580 1
764568 7
762309 7
752234 1
764395 9
750284 8
720387 1
695452 1
677460 1
720629 2
681768 5
422226 2
317328 2
313842 4
314112 7
316867 2
426150 4
334798 2
1749974 2
349266 1
335924 1
334713 1
334351 2
334225 15
332935 4
335040 8
334176 4
332941 2
333908 2
1746311 2
337797 2
334925 2
333818 5
335256 4
332860 8
333483 1
1749980 2
976916 2
976879 2
976791 2
935203 1
976902 5
935181 2
976890 1
976885 1
935171 8
945526 2
945667 5
865378 5
907486 2
905765 1
865426 2
865364 2
907309 1
865362 1
865330 1
907260 2
873807 7
874189 2
860168 1
873943 4
876010 2
860885 2
875572 2
875296 2
875051 2
1038124 7
1038042 8
1022045 2
620800 2
522799 1
520876 2
520708 1
522876 7
520508 1
521233 1
520740 2
520613 7
521222 7
520908 1
523155 1
520714 1
976704 1
976667 1
976489 23
976697 7
976659 4
976483 2
976436 1
1003470 2
976602 8
1003466 8
1003405 4
1003332 1
976648 1
1003448 8
976455 5
1003218 1
619998 2
476216 1
481224 7
572121 2
476970 1
481675 2
478373 1
480924 1
480732 1
572018 2
480682 7
1139077 2
1125615 1
635274 2
1149138 2
1148836 2
1148828 1
1148891 2
1149003 5
1149675 1
1093058 5
1092018 2
1148547 1
1148463 2
1092877 2
1092501 1
1148798 2
1092146 1
1264659 4
1245329 2
1265347 2
1265525 5
1263770 2
1263525 1
1244627 2
336183 1
335946 14
642577 6
642342 2
643603 2
642427 1
336703 1
1261370 3
1261528 2
1230178 1
1260230 2
1261819 1
1229575 8
1260116 7
1230140 2
1229766 2
1448001 1
1477949 7
1477668 2
1477073 2
1446589 2
1447284 2
1448206 2
1479941 2
1478461 2
334464 1
335077 6
737699 4
334677 1
334553 1
334835 1
597026 5
570994 6
303581 2
596534 3
303438 2
581712 2
639586 6
634855 1
671364 2
642511 1
635526 27
570539 10
653582 2
313534 1
793166 4
792996 1
791784 1
791607 1
793529 1
793020 1
793006 1
791432 1
793122 5
792998 5
1495812 1
1383367 2
331435 1
1495778 10
1382780 1
1383150 2
1447896 1
1383669 1
1382758 2
1383330 4
331512 2
1447730 5
1384169 1
1383322 6
1382311 2
331395 4
1383601 1
1430527 2
1383744 2
330427 2
946187 2
599101 2
934800 2
616626 2
934892 2
599134 5
617627 2
617281 2
865047 1
821676 2
865166 7
865140 7
656654 6
532659 1
536577 3
534015 1
818508 5
747208 1
734101 6
720400 5
717197 7
696374 5
681236 2
876033 2
873940 1
860360 8
642394 2
643902 2
638739 2
637338 2
637291 2
636695 2
638302 2
622920 1
635530 2
621883 1
619970 2
617197 1
620311 5
617437 1
622383 2
619958 1
618824 2
597280 2
598060 2
583769 1
596447 2
598824 2
596348 2
598146 2
580753 15
573770 2
575285 1
493658 2
571334 1
493212 2
481362 2
482602 7
483006 1
482369 2
481146 2
481507 2
481867 1
475840 2
472801 3
464134 1
463860 2
456249 2
458513 2
446084 1
444918 2
426172 2
437213 2
426010 6
418952 2
406897 2
403071 28
354859 1
354601 7
334876 8
338152 8
336325 2
334132 6
336021 1
331646 2
331424 1
330613 2
315913 2
775189 5
779373 1
760857 1
805218 1
945014 8
805835 5
834225 1
