1 7730.5993568528465
2 7780.590123828234
3 7780.590123828235
4 7780.590123828234
5 7481.524868142012
6 7171.601406323276
7 6834.220387551241
8 6753.3081525651
9 6546.3857602818425
10 6686.685536437772
11 3128.2925120990744
12 3137.9036952528554
13 3114.222570917756
14 3093.3108541782017
15 3011.2965197852054
16 3057.568486117679
17 2934.7911384989015
18 2811.975153455025
19 1326.8473354380606
20 1332.690017255098
21 1299.3875025770283
22 1249.6569510300992
23 1214.231898695441
24 1213.7963781859548
25 1172.5883345350258
26 1138.532341009104
27 1151.3765011398584
28 1137.3759721225947
29 1135.5841614224737
30 1106.5636881484786
