847936 0
849512 0
849385 0
846160 0
820434 0
849103 0
846353 0
848613 0
846978 0
847339 0
847332 0
846329 0
846924 0
845892 0
846452 0
818743 0
1005579 0
1005846 0
1005652 0
1005857 0
1005802 0
1005651 0
1005968 0
1005791 0
1005901 0
1005990 0
1005953 0
1005899 0
620243 0
1005838 0
1005809 0
1005717 0
521046 0
518990 0
518916 0
521021 0
518979 0
518785 0
518988 0
518896 0
521019 0
520353 0
519512 0
518977 0
518971 0
520197 0
518860 0
518970 0
521117 0
518856 0
518737 0
518969 0
518754 0
521100 0
519583 0
520300 0
520150 0
518913 0
520117 0
518812 0
963217 0
1003047 0
963216 0
961070 0
960606 0
960487 0
1003018 0
961975 0
619974 0
618619 0
619042 0
618975 0
619519 0
619105 0
478158 0
536637 0
536534 0
533961 0
533794 0
535777 0
536523 0
535634 0
535030 0
536520 0
535310 0
533847 0
533584 0
476501 0
535538 0
535257 0
533799 0
535209 0
536663 0
536543 0
1108042 0
1107846 0
1107386 0
1107551 0
1107314 0
390464 0
400635 0
1125234 0
1125106 0
401932 0
389562 0
1125099 0
1107685 0
1107676 0
1105806 0
400842 0
1040661 0
1077480 0
1077517 0
1040166 0
1040517 0
1077761 0
1077712 0
1077503 0
1040515 0
1077557 0
1040887 0
1077687 0
1077399 0
1077501 0
1091798 0
1040596 0
1077532 0
1077666 0
1040259 0
1077648 0
1077529 0
1077734 0
1077563 0
1077477 0
1077767 0
1077551 0
1077547 0
1247849 0
1244161 0
1248283 0
1263461 0
1247611 0
1247516 0
1263096 0
1244088 0
1247515 0
1248131 0
1243994 0
640532 0
636698 0
638906 0
640460 0
637832 0
637211 0
638093 0
636657 0
637017 0
640195 0
637257 0
639263 0
636618 0
636517 0
1228255 0
1227749 0
1227468 0
1227989 0
1227730 0
1227446 0
1227828 0
1227544 0
1224619 0
1227976 0
1228225 0
1227434 0
1227243 0
1227964 0
1227794 0
1227792 0
1227418 0
1228169 0
1227239 0
1228288 0
1224697 0
1450134 0
1399236 0
1429924 0
1400986 0
1430524 0
1430219 0
1430217 0
1449868 0
723318 0
722822 0
722393 0
747923 0
749109 0
722563 0
748712 0
734278 0
722797 0
749784 0
749402 0
723184 0
749013 0
775403 0
775234 0
597808 0
775226 0
775114 0
790029 0
775393 0
775297 0
598561 0
774935 0
775197 0
775144 0
482571 0
482245 0
479775 0
479402 0
459497 0
479711 0
475063 0
479638 0
484191 0
479543 0
459718 0
792846 0
792656 0
792615 0
792563 0
791266 0
791758 0
793134 0
793009 0
791896 0
791920 0
791872 0
791985 0
792914 0
792988 0
791901 0
793039 0
791944 0
791849 0
792960 0
792867 0
791160 0
1332154 0
1331769 0
1382673 0
1382621 0
1382413 0
1345616 0
1314895 0
1162959 0
1327790 0
1331956 0
1265881 0
1162935 0
1366111 0
1380433 0
1382381 0
1332871 0
1247540 0
1382651 0
1346255 0
1247525 0
1195602 0
1224917 0
1382644 0
1382015 0
1381903 0
1364394 0
834976 0
834953 0
933757 0
934543 0
934291 0
933700 0
932829 0
934130 0
933772 0
934450 0
933769 0
835372 0
865299 0
806093 0
560555 0
560891 0
865300 0
822939 0
822692 0
560537 0
821944 0
821851 0
822819 0
560505 0
822540 0
806143 0
560781 0
560499 0
822470 0
560490 0
821881 0
822463 0
806117 0
822414 0
822906 0
822750 0
822625 0
560901 0
560431 0
831853 0
831850 0
818271 0
832825 0
818194 0
831751 0
803875 0
818486 0
831995 0
803724 0
803854 0
818409 0
831668 0
803834 0
1004868 0
1005694 0
1004862 0
1004819 0
1004859 0
1005132 0
1004638 0
1005084 0
1005129 0
1005045 0
1005668 0
1004845 0
1005145 0
1005078 0
1005664 0
1004955 0
1005637 0
1004953 0
1005138 0
1005022 0
519411 0
519074 0
517641 0
517589 0
517456 0
518682 0
519231 0
517757 0
517728 0
516843 0
516758 0
517450 0
517328 0
517569 0
517705 0
517448 0
517326 0
519375 0
517625 0
516984 0
517318 0
517797 0
517620 0
517556 0
516714 0
516594 0
519108 0
516646 0
517500 0
517428 0
517338 0
516569 0
519076 0
517772 0
517525 0
517467 0
387455 0
368082 0
368571 0
350397 0
353114 0
349430 0
368442 0
367377 0
350186 0
335828 0
374302 0
367559 0
367133 0
335544 0
367954 0
368514 0
367026 0
354281 0
335808 0
337692 0
335781 0
335452 0
367362 0
349478 0
335896 0
335768 0
335436 0
935643 0
922316 0
944794 0
960128 0
960956 0
367924 0
366999 0
935514 0
368032 0
960079 0
921656 0
368542 0
935589 0
921930 0
922327 0
959909 0
2101337 0
2101335 0
2101183 0
2102165 0
2102061 0
2101885 0
524644 0
524741 0
532880 0
524853 0
524848 0
532703 0
524391 0
524668 0
524845 0
524351 0
524842 0
400531 0
1067050 0
400526 0
1079242 0
1097079 0
401189 0
1096258 0
1095313 0
1096942 0
1065951 0
1065847 0
1094784 0
1065669 0
1064754 0
1079266 0
1066710 0
1038959 0
1038842 0
1002490 0
1039155 0
1021054 0
1001925 0
1038690 0
1038921 0
1002471 0
1039990 0
1038883 0
1023725 0
1038880 0
1039348 0
1038856 0
1038875 0
1038704 0
1002453 0
1038979 0
1038854 0
1039234 0
1023630 0
1038700 0
1021151 0
1002441 0
1038815 0
1038945 0
1225772 0
1195684 0
1225990 0
1225724 0
1196021 0
1230698 0
1230537 0
1225852 0
1195703 0
1230674 0
1195947 0
1195775 0
1225780 0
468297 0
750652 0
921551 0
748650 0
777346 0
734015 0
750428 0
871232 0
765039 0
349446 0
851484 0
696896 0
832342 0
657946 0
334181 0
351305 0
1224502 0
596247 0
1223764 0
1222787 0
1224492 0
597257 0
1223739 0
1211308 0
1211398 0
1224454 0
597372 0
596455 0
1224378 0
596813 0
596643 0
597159 0
1222578 0
1224369 0
1222968 0
596973 0
597097 0
597004 0
1222894 0
1383720 0
1383594 0
408629 0
407674 0
1383276 0
1395874 0
406434 0
1383772 0
1383835 0
1384195 0
406506 0
1383143 0
1383865 0
1383115 0
1383596 0
1383858 0
735122 0
721744 0
721433 0
721959 0
720901 0
721577 0
721466 0
699526 0
1350332 0
1279000 0
597657 0
598099 0
1279123 0
598072 0
1350209 0
1278248 0
1278753 0
1278245 0
597530 0
1350086 0
1278584 0
597674 0
1350040 0
597616 0
1278569 0
1278954 0
442312 0
406190 0
406863 0
407703 0
442436 0
441164 0
438799 0
439481 0
407165 0
438541 0
407117 0
407600 0
791008 0
779918 0
779345 0
775737 0
779458 0
791140 0
779385 0
779057 0
791067 0
780075 0
779672 0
779429 0
791106 0
791019 0
779426 0
779928 0
1195576 0
1195917 3
1025625 0
1179412 0
1162896 0
1153785 0
876696 0
1123015 0
1139544 0
1123011 0
1153720 0
963335 0
1162727 0
1177854 0
1195881 0
1123007 0
1177991 0
1180009 0
1065480 0
935316 0
891359 0
1162830 0
889863 0
894340 0
894284 0
820071 0
819839 0
834512 0
894283 0
819831 0
819760 0
833799 0
819742 0
894582 0
820001 0
819930 0
819854 0
819789 0
819928 0
819851 0
834600 0
559816 0
540886 0
541226 0
560394 0
805986 0
560115 0
560170 0
805980 0
541305 0
541156 0
805946 0
559861 0
540946 0
560318 0
560066 0
541140 0
560009 0
540785 0
560372 0
560220 0
541231 0
808846 0
350489 0
809168 0
807539 0
354825 0
806802 0
350927 0
804186 0
807669 0
351007 0
354767 0
808029 0
350787 0
350497 0
1004409 0
989776 0
1004217 0
1004099 0
1004301 0
989694 0
1004386 0
1004085 0
990152 0
1004145 0
1004139 0
1004045 0
990556 0
992771 0
1004124 0
990960 0
1004629 0
515926 0
515835 0
516294 0
516049 0
515470 0
515505 0
516004 0
514947 0
515500 0
517242 0
514931 0
515483 0
515810 0
514929 0
517227 0
515860 0
515590 0
515361 0
515735 0
516471 0
515611 0
959862 0
948575 0
903982 0
959860 0
959668 0
959820 0
902646 0
903231 0
903163 0
905189 0
959727 0
903107 0
959695 0
948910 0
901991 0
2101942 0
1109733 0
1109616 0
1038589 0
1109498 0
1082018 0
1037975 0
1038558 0
1110786 0
1110364 0
1109863 0
524509 0
523831 0
524982 0
524610 0
524168 0
524978 0
523810 0
524976 0
524703 3
523937 0
523934 0
524932 0
524759 0
524437 0
523025 0
524656 0
524562 0
523990 0
523876 0
524067 0
524748 0
1066103 0
1067728 0
1077977 0
1068748 0
1053922 0
1053650 0
1053472 0
1079076 0
1067825 0
1052904 0
1066981 0
1077867 0
1068714 0
1066958 0
1078999 0
1068845 0
621671 0
621633 0
621720 0
622242 0
621431 0
634458 0
1021095 0
1002759 0
1020887 0
1020807 0
1002370 0
1002230 0
1020877 0
1020592 0
1002571 0
1002364 0
1020580 0
1002830 0
1002668 0
1002086 0
1002544 0
1020649 0
1001588 0
374298 0
387991 0
1177953 0
375202 0
387840 0
1195776 0
1178215 0
373748 0
373295 0
1194992 0
1177898 0
635981 0
493108 0
635845 0
388693 0
618120 0
576062 0
595882 0
574757 0
643280 0
598851 0
444429 0
372899 0
642271 0
598176 0
400761 0
370997 0
400326 0
620068 0
423026 0
1224339 0
1210045 0
1210238 0
1210040 0
1209286 0
1210036 0
1223549 0
1210371 0
1210206 0
1223224 0
1198186 0
1224264 0
1210076 0
1198042 0
1382235 0
1382096 0
406272 0
403578 0
407708 0
1382084 0
1382782 0
1383240 0
1382224 0
1349690 0
1382145 0
404586 0
403654 0
1349888 0
1346577 0
718431 0
720591 0
719120 0
717988 0
720411 0
720089 0
719406 0
719360 0
718658 0
720298 0
693569 0
719193 0
692690 0
720639 0
719429 0
719297 0
1279508 0
317873 0
318497 0
403935 0
400720 0
538729 0
406092 0
2102077 0
538413 0
403789 0
2101969 0
538335 0
403755 0
538325 0
538218 0
406138 0
760844 0
538143 0
537595 0
538077 0
536961 0
537284 0
538115 0
537195 0
1764215 0
538114 0
537797 0
537509 0
536913 0
536794 0
777834 0
778680 0
777536 0
778633 0
778476 0
777568 0
778733 0
778857 0
778311 0
765536 0
778696 0
778529 0
871947 0
871756 0
807658 0
807512 0
747976 0
871154 0
872058 0
849182 0
860231 0
851648 0
316084 0
818620 0
315447 0
818229 0
870855 3
317222 0
846947 0
748463 0
871047 3
790431 0
751642 0
736871 0
875117 0
821075 0
818542 0
765285 0
805411 0
819722 0
805390 0
819842 0
790062 0
804738 0
805369 0
789847 0
820086 0
819970 0
819796 0
804950 0
805451 0
804535 0
819872 0
789992 0
805408 0
805401 0
804519 0
539525 0
539693 0
539087 0
540229 0
538958 0
540395 0
539324 0
539055 0
540816 0
540358 0
539536 0
539108 0
540283 0
992145 0
988745 0
988520 0
992391 0
992105 0
989093 0
988334 0
988708 0
988556 0
992031 0
976989 0
976936 0
991488 0
988801 0
989281 0
988794 0
976981 0
976934 0
991477 0
988950 0
976978 0
976930 0
514386 0
514016 0
515317 0
514004 0
906868 0
514537 0
514415 0
513915 0
907725 0
514319 0
908792 0
514051 0
906997 0
907608 0
515153 0
890802 0
891364 0
902951 0
870828 0
864827 0
864447 0
875975 0
902269 0
891219 0
864432 0
871122 0
875880 0
871109 0
891170 0
870901 0
864751 0
871045 0
871598 0
1038333 0
1037920 0
1038424 0
1038208 0
1038423 0
1038386 0
1038464 0
1038304 0
1037884 0
1038416 0
1038303 0
1037771 0
1038449 0
1037686 0
523150 0
521133 0
521350 0
521132 0
523585 0
523567 0
522929 0
522029 0
521952 0
522927 0
523460 0
522368 0
521641 0
522100 0
521882 0
522945 0
1024791 0
976761 0
976734 0
1003901 0
976760 0
1003892 0
976758 0
1003885 0
1050937 0
1025411 0
1003858 0
1026625 0
1050526 0
987445 0
1001433 0
1001364 0
576361 0
482719 0
573796 0
573953 0
481915 0
1193957 0
1195244 0
1195084 0
1165109 0
1162253 0
1166694 0
1195037 0
634781 0
334712 0
332940 0
331144 0
635856 0
400795 0
368545 0
350912 0
313884 0
634957 0
634892 0
634704 0
318867 0
635649 0
387263 0
334467 0
333711 0
316763 0
331802 0
635510 0
1193443 0
1193180 0
1196445 0
1196439 0
1193633 0
1193486 0
1193242 0
1193218 0
1150897 0
1149877 0
1209104 0
1193536 0
1193468 0
1150811 0
1197070 0
1150770 0
1150462 0
1149790 0
1365762 0
1379900 0
1378509 0
1281405 0
1328304 0
1366423 0
1282320 0
1346479 0
1364770 0
1365095 0
1380996 0
1364755 0
1365088 0
1379732 0
1281519 0
1265907 0
1378935 0
1379052 0
1380966 0
1378629 0
1329349 0
1281416 0
681707 0
671056 0
681313 0
697405 0
680584 0
679213 0
671688 0
676912 0
652549 0
677623 0
672060 0
653231 0
680058 0
681616 0
681381 0
678649 0
680298 0
653181 0
643707 0
658949 0
642989 0
642972 0
652935 0
659712 0
660806 0
659710 0
330877 0
331171 0
329551 0
1276836 0
1262156 0
1276777 0
330806 0
1277755 0
329406 0
1262774 0
1277623 0
329775 0
1277614 0
1277168 0
330537 0
330367 0
1277386 0
1497623 0
1746656 0
1617289 0
1511542 0
1749654 0
1764194 0
1746347 0
1497580 0
1746193 0
1746011 0
1745968 0
1480170 0
762123 0
751784 0
764568 0
762385 0
762309 0
752181 0
751668 0
752234 0
764395 0
761713 0
751663 0
764362 0
764190 0
750284 0
751618 0
747430 0
679112 0
678770 0
720182 0
681744 0
720387 0
695452 0
677460 0
751182 0
720629 0
681768 0
681433 0
424580 0
422226 0
317328 0
313842 0
423549 0
425827 0
316884 0
314112 0
425706 0
316867 0
437777 0
426150 0
336457 0
334798 0
334527 0
333314 0
1749974 0
349266 0
335924 0
334713 0
333727 0
1617059 0
335797 0
333137 0
334225 0
332935 0
333124 0
335040 0
334176 0
332941 0
1749840 0
333908 0
1746549 0
1746311 0
337797 0
334925 0
333818 0
332866 0
335256 0
332860 0
333483 0
2699038 0
1749980 0
976916 0
976879 0
935203 0
976902 0
976876 0
962853 0
935181 0
976890 0
976844 0
977312 0
976885 0
935171 0
945526 0
945667 0
865378 0
907486 0
866036 0
905765 0
865426 0
865421 0
865364 0
907309 0
908733 0
865362 0
865330 0
907469 0
865562 0
865361 0
865327 0
907260 0
907047 0
865468 0
865336 0
875738 0
876194 0
873807 0
850980 0
851319 0
850217 0
875342 0
874189 0
851609 0
873943 0
850136 0
876010 0
860885 0
851390 0
875572 0
860864 0
851024 0
875296 0
875051 0
1038124 0
620865 0
1038042 0
1021865 0
621328 0
1022045 0
620800 0
1006507 0
1037547 0
1006385 0
621233 0
522799 0
439503 0
443457 0
520876 0
520708 0
522894 0
523179 0
520508 0
521233 0
444344 0
520740 0
520613 0
521222 0
520908 0
520733 0
523155 0
444903 0
442475 0
520714 0
976704 0
976667 0
976523 0
976489 0
976450 0
976697 0
976659 0
976483 0
976658 0
976436 0
1003470 0
1003369 0
1003203 0
976656 0
976602 0
976520 0
1002997 0
1003466 0
1003405 0
1003332 0
976648 0
1003448 0
1003298 0
976684 0
976640 0
1003440 0
1003235 0
976455 0
1003218 0
619998 0
476216 0
481224 0
572121 0
479447 0
476970 0
481675 0
478373 0
480924 0
480732 0
482132 0
572018 0
480682 0
1138711 0
1137887 0
1136409 0
1136124 0
1138703 0
1138112 0
1139077 0
1134300 0
1136183 0
1125615 0
1125569 0
1136125 0
635021 0
635274 0
635256 0
1149138 0
1149109 0
1149792 0
1148836 0
1149658 0
1149163 0
1148828 0
1148891 0
1148819 0
1149054 0
1149675 0
1148727 0
1093058 0
1092779 0
1148775 0
1148547 0
1092891 0
1140294 0
1148762 0
1040794 0
1092877 0
1092501 0
1092868 0
1148798 0
1092146 0
1264659 0
1264487 0
1265093 0
1245329 0
1244275 0
1245262 0
1265347 0
1265525 0
1263525 0
1244627 0
337123 0
642494 0
642769 0
336183 0
642603 0
643612 0
642831 0
642342 0
643603 0
642826 0
642427 0
642677 0
644166 0
643315 0
336703 0
642414 0
1261528 0
1230178 0
1260544 0
1260364 0
1260230 0
1261819 0
1230154 0
1229575 0
1260165 0
1229916 0
1230143 0
1260116 0
1261456 0
1230140 0
1229766 0
1450222 0
1448192 0
1479844 0
1477949 0
1477668 0
1446589 0
1478377 0
1447284 0
1494675 0
1493787 0
1479941 0
1478461 0
1478174 0
1448077 0
1448004 0
1446455 0
334464 0
335077 0
737699 0
751186 0
334677 0
750847 0
750569 0
750674 0
334553 0
335139 0
334371 0
334835 0
597026 0
570994 0
574851 0
634773 0
574536 0
303438 0
581712 0
634855 0
671364 0
642511 0
635526 0
570539 0
653582 0
313534 0
793166 0
792996 0
791784 0
791413 0
793029 0
793552 0
791607 0
791523 0
792979 0
793529 0
793020 0
793858 0
793067 0
793006 0
793296 0
791572 0
791432 0
791369 0
793195 0
793192 0
793122 0
793052 0
792998 0
318755 0
1495812 0
331435 0
318345 0
1495778 0
1382973 0
1383150 0
1447896 0
1383781 0
1383669 0
331512 0
1447730 0
1384169 0
1382311 0
331395 0
1383759 0
1383601 0
1430527 0
1384125 0
330841 0
330628 0
1447902 0
1430286 0
1382985 0
330427 0
1383576 0
946187 0
599101 0
934800 0
947448 0
946371 0
616626 0
934892 0
934641 0
599134 0
617627 0
617281 0
865047 0
821676 0
865310 0
865193 0
865166 0
821786 0
821372 0
865253 0
865286 0
865213 0
865159 0
523706 0
532659 0
533117 0
534015 0
523814 0
818508 0
750018 0
750171 0
733882 0
720400 0
717197 0
718194 0
696374 0
716630 0
680973 0
681236 0
876033 0
873940 0
849197 0
642467 0
642394 0
652983 0
653402 0
639062 0
638739 0
641462 0
637338 0
640096 0
637291 0
638302 0
622920 0
635530 0
621883 0
619970 0
617197 0
620101 0
620311 0
619232 0
617437 0
622383 0
635240 0
621991 0
619958 0
621095 0
618824 0
619632 0
596604 0
597280 0
598387 0
598060 0
583769 0
597336 0
596447 0
598824 0
583809 0
596348 0
598146 0
580753 0
577135 0
573770 0
575285 0
576761 0
573771 0
571334 0
570602 0
493212 0
481362 0
482602 0
483006 0
482369 0
481146 0
482886 0
480181 0
480219 0
481507 0
481867 0
481860 0
483591 0
481949 0
472722 0
475840 0
464493 0
464060 0
464134 0
463860 0
455371 0
456249 0
457055 0
457832 0
458513 0
446084 0
444918 0
442484 0
442332 0
438604 0
439010 0
426172 0
439453 0
437213 0
426212 0
426070 0
426010 0
421002 0
423276 0
423177 0
418952 0
406897 0
402843 0
354859 0
354601 0
338152 0
333486 0
336325 0
333102 0
335112 0
336021 0
331646 0
331424 0
318938 0
330613 0
315913 0
317778 0
775189 0
944891 0
779373 0
791719 0
774877 0
760857 0
805218 0
804680 0
945014 0
805835 0
761127 0
760858 0
834225 0
