1 -2
2 -2
3 -2
4 -2
5 -2
6 -2
7 -2
8 -2
9 -2
10 -2
11 0.6092053372233598
12 0.6082021306985732
13 0.6089632955577213
14 0.6097859733748641
15 0.6120322479872687
16 0.610236143796302
17 0.6127411683761764
18 0.5650517803184089
19 0.3416037185463222
20 0.3020812758011764
21 0.3094066656866685
22 0.3601537463965522
23 0.32881559317912906
24 0.12153387805058183
25 0.50618109650363
26 0.6366988115744563
27 0.5068116910438469
28 0.013011791072563925
29 0.013607531990815299
30 0.011769068951775022
