847936 0
849512 0
849385 0
846160 1
820434 0
849103 0
846353 1
848613 0
846978 1
847339 1
847332 0
847300 0
846329 1
846924 1
845892 0
846452 1
818743 1
1005579 1
1005846 0
1005652 0
1005857 1
1005802 0
1005651 0
1005968 1
1005791 1
1005901 1
1005990 1
1005953 1
1005899 0
620243 0
1005838 1
1005809 0
1005717 1
1005837 0
521046 1
518990 1
518916 1
521021 1
518979 1
518785 1
518988 0
518896 1
521019 1
520353 0
519512 1
518977 1
518971 1
520197 1
518860 1
518970 1
521117 1
518856 1
518737 0
518969 1
518754 1
521100 0
519583 1
520300 1
520150 1
518913 0
520117 1
518812 1
963217 0
1003047 1
963216 0
961070 1
960606 0
960487 1
1003018 0
961975 0
619974 0
618619 0
619095 0
619042 0
618975 0
619519 0
619105 0
478158 0
536637 1
536534 1
533961 0
533794 1
535777 1
536523 1
535634 1
535030 0
536520 0
535310 1
533847 1
536592 0
533584 0
476501 0
535934 0
535538 1
535257 1
533799 0
535209 0
536663 1
536543 1
1108042 1
1107846 1
1107386 1
1107551 0
1107314 1
390464 0
400635 0
1125234 1
1125106 1
401932 0
389562 0
1125099 1
1107685 1
1107676 0
1105806 1
389987 0
400842 0
1040661 0
1040154 0
1077480 1
1077517 1
1040166 1
1040517 1
1077458 0
1077761 1
1077712 0
1077503 1
1040515 0
1077557 1
1040887 0
1077687 1
1077399 0
1077501 0
1091798 1
1040596 0
1077532 1
1077666 1
1040259 1
1040230 0
1077648 1
1077529 0
1077734 0
1077645 1
1077563 1
1077477 1
1077628 0
1077767 0
1077551 1
1077547 1
1077424 0
1247849 1
1244161 1
1248283 0
1263461 0
1247611 1
1247516 0
1263096 0
1244088 0
1247515 1
1248131 1
1243994 0
640532 1
636698 0
638906 0
640460 0
637832 1
637211 0
638093 0
636657 0
637017 0
640195 1
637257 0
639263 1
636618 0
636517 1
1228255 1
1227749 0
1227468 1
1227378 1
1227989 1
1227730 0
1227446 0
1227828 0
1227544 1
1224619 0
1227976 1
1228225 0
1228117 0
1227434 1
1227243 1
1227964 0
1227794 0
1227792 1
1227633 1
1227418 0
1228169 0
1227239 0
1224764 1
1228288 0
1224697 1
1450134 0
1399236 0
1429924 0
1400848 0
1400986 0
1430524 1
1430219 0
1449999 1
1430217 0
1449868 0
723318 1
722822 0
722393 0
747923 1
749109 0
722563 0
748712 0
734278 0
722797 1
749784 0
749402 0
723184 0
749013 0
775403 1
775234 1
597808 0
775226 1
775114 0
775309 0
790029 1
775393 0
775297 0
598561 0
774935 1
775197 0
775144 1
482571 1
482245 1
479775 1
479402 0
459497 0
479711 1
475063 1
482206 0
479638 0
463982 0
484191 1
479543 0
459718 0
792846 0
792656 1
792615 1
792563 1
791266 1
791758 1
793134 1
793009 1
791896 1
791920 0
791872 1
791985 1
792914 1
792988 1
791901 1
793039 0
791944 1
791849 1
792960 0
792867 1
791160 1
1332154 0
1331769 1
1382673 1
1382621 0
1382413 1
1345616 1
1314895 1
1162959 1
1382197 0
1327790 0
1331956 0
1265881 1
1162935 1
1366111 0
1380433 1
1382381 1
1332871 0
1247540 0
1382651 1
1346255 0
1247525 1
1226115 0
1195602 0
1224917 1
1382644 1
1382015 1
1381903 0
1364394 1
1247764 0
834976 1
834953 1
933757 0
934543 0
934291 0
933700 1
932829 0
934130 0
933772 0
934450 1
933769 1
835372 0
865299 1
806093 0
560899 0
560555 1
560891 0
865300 1
822939 0
822692 1
560537 0
821944 1
821851 1
822819 1
560505 0
822540 1
806143 0
560781 1
560499 1
822470 1
560490 0
821881 0
822463 1
806117 0
822414 1
822906 1
822750 0
822625 0
560901 0
560431 0
831853 0
831850 1
818271 1
832825 1
818194 1
831751 0
803875 1
818486 1
831995 0
803724 1
803854 1
818409 0
831668 1
803834 1
1004868 1
1005694 1
1004862 1
1004819 1
1004859 1
1005132 1
1004638 1
1005084 1
1005129 0
1005045 1
1005668 1
1004845 1
1005145 0
1005078 1
1005664 1
1004955 1
1005637 0
1004953 1
1005138 0
1005022 1
519411 0
519074 0
517763 0
517641 1
517589 1
517456 1
518682 0
519231 0
517757 0
517728 1
516843 1
516758 1
517450 1
517328 1
517569 0
517705 1
517448 1
517326 1
519375 1
517625 1
516984 1
517318 1
517797 1
517620 1
517556 0
516714 1
516594 0
519108 0
516646 1
517500 1
517428 0
517338 1
516569 0
519076 1
517772 1
517525 0
517467 1
387455 1
368082 0
368571 1
350397 0
353114 1
349430 0
335555 0
368442 0
367377 1
350186 0
335828 0
335551 0
374302 1
367559 0
367133 0
335544 1
367954 1
368514 0
367026 1
354281 1
335808 0
337692 1
335781 1
335452 1
367362 0
349478 0
335896 0
335768 0
335436 1
935643 0
922316 1
944794 1
960128 1
960956 1
367924 0
366999 1
944340 0
935514 1
368032 0
960079 0
921656 1
368542 1
935589 1
921930 1
922327 1
959909 0
2101337 1
2101335 1
2101183 0
2102165 1
2102061 0
2101885 0
524644 1
524741 0
532880 1
524853 0
524848 1
532703 1
524391 0
524846 1
524668 0
524845 0
524351 0
524842 1
400531 0
1067050 0
400526 0
1079242 0
1097079 0
401189 0
1096258 0
1095313 0
1096942 0
1065951 0
1065847 0
1094784 1
1065669 0
1064754 1
1079266 0
1066710 0
1038959 1
1038842 1
1002490 0
1039155 1
1021054 1
1001925 0
1038690 1
1038921 0
1002471 1
1039990 1
1038883 1
1023725 1
1038880 1
1039348 1
1038996 1
1038856 1
1038875 0
1038704 1
1002453 1
1038979 1
1038854 0
1039234 1
1023630 1
1038700 0
1021151 1
1002441 1
1038815 1
1038945 1
1225772 0
1195684 0
1225990 1
1225724 0
1196021 0
1230698 1
1230537 0
1225852 0
1195703 0
1230674 1
1195947 0
1195775 0
1225780 0
468297 1
750652 0
921551 0
748650 0
777346 0
734015 0
750428 0
871232 1
765039 1
349446 1
851484 0
696896 0
681810 0
832342 0
657946 1
334181 1
351305 1
1224502 1
596247 0
1223764 1
1224496 0
1222787 1
1223761 0
1224492 0
597257 0
1223739 0
1211308 1
1211398 0
1224454 1
597372 0
596455 0
1222665 1
1224378 0
596813 0
596643 0
597159 0
1222578 1
1224369 0
1224259 1
597157 0
1222968 1
596973 0
597097 0
597004 0
1222894 0
1383720 0
1383594 0
1396864 0
408629 0
406747 0
407674 0
1383276 0
1395874 1
406434 0
1383772 1
1383835 1
1384195 1
406506 0
1383143 1
1383865 0
407582 0
1383115 0
1383596 1
1383858 1
735122 1
721744 0
721433 0
720866 1
721959 0
720901 0
721577 0
721466 1
699526 0
1350332 0
1279000 1
597657 0
598099 0
598801 1
1350327 1
1279123 1
598072 0
1350209 0
1278248 0
1278753 0
1278245 1
597530 1
1350086 1
1278584 0
597674 0
1350040 1
597616 0
1278569 0
1278954 0
442312 0
437239 1
406190 1
426173 0
406863 1
407703 0
442436 1
441164 1
438799 1
439481 1
407165 1
438541 0
407117 0
407600 0
791008 1
779918 1
779345 1
779196 0
775737 0
779458 1
791140 1
779385 1
779057 0
791067 1
780075 1
779672 1
779429 1
791106 1
791019 0
779426 1
779928 1
1195576 0
1195917 1
1025625 0
1179412 0
1162896 0
1153785 1
876696 0
1195446 1
1123015 1
1139544 0
1053953 0
1162792 1
1123011 1
1153720 0
963335 0
903245 0
1162727 0
1177854 0
1195881 1
1123007 1
1177991 1
1180009 0
1065480 1
935316 1
891359 0
1162830 1
889863 0
1122937 1
894340 0
894284 0
820071 0
819839 1
834512 1
894283 0
819831 1
819760 0
833799 0
819742 0
894582 1
819734 0
820001 0
819930 1
819854 0
819789 0
819928 0
819851 1
834600 0
559816 1
540886 0
541226 1
560394 0
805986 0
560115 0
560170 0
805980 1
541305 1
541156 0
805946 1
559861 0
540946 0
560318 0
560066 1
541140 0
560009 1
540785 0
560372 0
560220 1
541231 1
808846 1
350489 0
809168 1
807539 1
354825 0
806802 1
350927 0
804186 1
807669 1
351007 1
354767 0
808029 1
350787 1
350497 1
1004409 0
989776 0
1004217 0
1004099 1
1004301 1
989694 1
1004386 0
1004085 1
990152 0
1004145 0
1004139 0
1004045 1
990556 1
992771 0
1004124 0
990960 0
1004629 0
515926 0
515835 0
516294 0
516049 1
515470 1
515505 1
516004 0
514947 0
515500 1
517242 1
514931 0
515483 1
515810 0
514929 1
517227 0
515860 0
515590 1
515361 0
515735 1
516471 0
515611 1
959862 0
948575 1
903982 0
959860 0
959668 0
959820 0
902646 1
903231 0
903163 0
905189 0
959727 1
903107 0
959695 0
948910 0
901991 0
2101942 0
1109733 1
1109616 1
1038589 0
1109498 1
2102050 0
1082018 1
1037975 1
1038558 1
2101997 0
1110786 0
1110364 1
1109863 1
524509 0
523831 0
524982 0
524610 0
524168 0
524978 1
523810 0
524976 1
524703 1
523937 1
523934 1
524932 1
524759 0
524437 0
523025 0
524656 1
524562 0
523990 1
523876 0
524067 0
524748 1
524191 1
1066103 0
1067728 0
1077977 0
1068748 1
1053922 0
1053650 0
1053472 0
1079076 0
1067825 0
1052904 0
1066981 0
1077867 1
1068714 0
1066958 0
1078999 0
1068845 1
621671 1
621633 0
621720 1
622242 0
621431 1
634458 1
1021095 0
1002759 0
1020887 0
1020807 1
1002370 1
1002230 0
1020877 1
1020592 0
1002571 0
1002364 0
1020580 0
1002830 0
1002668 0
1002086 1
1002544 0
1020649 0
1001588 0
374298 1
387991 0
1177953 1
375202 0
387840 1
1195776 0
1178215 0
373748 0
373295 1
1194992 0
1177898 1
635981 0
493108 0
635845 0
388693 0
618120 0
576062 0
620773 0
595882 0
574757 0
643280 0
618692 0
622732 0
598851 0
444429 0
440614 0
372899 0
642271 0
598176 0
400761 0
370997 0
582093 0
400326 0
620068 1
423026 1
1224339 0
1210045 0
1210238 1
1210040 0
1209286 1
1210036 0
1223549 1
1210371 1
1210206 1
1223224 0
1198186 0
1224264 0
1224217 1
1210259 0
1210076 1
1198042 0
1382235 1
1382096 0
406272 0
403578 1
407708 1
1382084 0
1382782 0
1383240 1
1382224 1
1349690 1
1382145 0
404586 1
403654 1
1349888 0
1346577 0
403623 1
1383390 0
718431 0
720591 0
719120 0
717988 1
720411 1
720089 0
719406 0
719360 0
718658 0
720298 0
693569 0
719193 0
720190 0
692690 1
720639 1
719429 1
719297 0
1279508 1
317873 0
318539 0
318497 0
403935 0
400720 1
538729 0
406092 0
2102077 1
538413 0
404103 1
403789 0
2101969 0
538335 1
403755 0
538325 1
538218 1
402270 0
406138 1
760844 0
538578 1
538320 0
538143 0
537595 1
538116 1
538077 1
536961 0
537284 0
538115 0
537195 0
1764215 1
538114 1
537797 1
537509 1
536913 0
536794 0
777834 0
778680 1
777536 0
778633 1
778476 0
777568 0
778733 1
778857 0
778391 1
778311 0
765536 0
778696 1
778529 1
871947 0
871756 0
807658 0
807512 1
747976 1
871154 1
860266 1
872058 1
849182 1
860231 1
851648 1
316084 1
818620 1
870856 1
315447 0
818229 1
870855 1
317222 1
846947 1
748463 1
871047 1
846935 1
790431 1
751642 0
736871 0
875117 0
821075 1
818542 1
765285 0
805411 0
819722 0
805390 1
819842 0
790062 0
804738 0
805369 0
789847 1
820086 1
819970 1
819796 0
804950 0
805451 0
804535 0
819872 1
789992 0
805408 1
805401 1
804519 1
539525 0
539693 1
539087 1
540229 1
538958 0
540395 1
539324 1
539055 0
540816 1
540358 0
539536 1
539108 1
540283 1
992145 0
988745 1
988520 1
992391 1
992105 0
989093 0
988334 1
988708 0
988556 1
992031 0
976989 0
976936 0
991488 0
988801 1
989281 1
988794 1
976981 1
976934 1
991477 0
988950 0
976978 0
976930 0
514386 0
514016 1
515317 1
514004 0
906868 0
514537 0
514415 0
513915 1
907725 1
514319 1
908792 0
514051 1
906997 0
907608 0
515153 0
890802 1
891364 1
902951 1
870828 1
864827 1
864447 1
875975 1
902269 0
891219 0
864432 0
871122 1
875880 0
871109 0
891170 1
870901 0
864751 0
871045 1
871598 1
1038333 0
1037920 1
1038424 0
1038208 1
1038423 1
1038386 0
1038464 1
1037652 0
1038304 1
1037884 1
1038416 0
1038303 0
1037771 1
1038449 1
1037686 0
523150 0
521133 1
521350 1
521132 0
521720 0
523585 0
523567 1
522398 0
522929 0
521648 0
521479 0
522029 1
521952 1
522927 1
523460 1
522368 0
521641 1
522100 0
521882 1
522945 1
1024791 1
976761 0
976734 1
1003901 1
976760 1
1003892 0
976758 1
1003885 1
1050937 0
1025411 0
1003858 1
1026625 1
1050526 0
987445 1
1001433 1
1001364 0
576361 0
482719 1
573796 0
573953 0
573898 0
987791 0
481915 0
1193957 1
1195244 0
1195358 0
1181707 0
1195084 0
1165109 0
1162253 0
1166694 0
1195037 1
1154002 0
317871 0
316441 0
634781 0
334712 0
332940 0
331144 1
635856 0
400795 0
368545 0
350912 1
334682 1
317686 0
313884 0
634957 0
330805 0
634892 0
634704 0
318867 0
635649 0
387263 1
334467 1
333711 0
316763 0
331802 0
635510 1
1193443 0
1193180 0
1196445 0
1196439 0
1193633 1
1193486 0
1193242 0
1197111 0
1193218 1
1150897 1
1149877 0
1209104 0
1193536 0
1193468 0
1150811 0
1197070 1
1193680 0
1150770 0
1150462 1
1149790 1
1365762 0
1379900 0
1378509 1
1281405 1
1328304 0
1366423 1
1282320 1
1346479 0
1364770 0
1365095 0
1380996 1
1364755 0
1365088 0
1379732 1
1281519 0
1265907 0
1378935 1
1379052 0
1380966 0
1378629 1
1329349 0
1281416 1
1264951 0
681707 1
680284 0
671056 0
681313 0
697405 0
680584 0
679213 0
671688 1
676912 1
652549 0
677623 1
672060 1
653231 0
680058 1
681616 0
681381 0
678649 0
680298 0
653181 0
643707 1
658949 0
642989 0
669703 0
642972 1
652935 1
659712 1
660806 0
659710 0
330877 0
331171 0
329551 1
1276836 1
1262156 1
1276777 0
330806 0
1277755 0
329406 0
1262774 1
1277623 0
329775 1
1277614 0
1277168 0
330537 1
330367 0
1277386 0
1497623 0
1746656 0
1617289 0
1511542 1
1749654 0
1764194 1
1746347 0
1497580 1
1746193 1
1746011 0
1745968 0
1480170 1
762123 0
751784 1
764568 0
762385 1
762309 0
752181 0
751668 0
752234 1
764395 1
761713 0
751663 1
764362 0
764190 0
750284 1
751618 0
747430 0
679112 0
678770 0
720182 0
681744 1
720387 1
695452 1
677460 1
751182 0
720629 0
681768 1
681433 1
424580 0
422226 0
317328 0
313842 1
423549 0
425827 0
316884 0
314112 0
425706 0
316867 0
437777 0
426150 1
336457 0
334798 0
334527 1
333314 1
1749974 0
349266 1
335924 1
334713 1
333727 0
334351 0
1617059 0
335797 0
333137 1
334225 0
332935 1
333124 1
335040 0
334176 0
332941 0
1749840 0
333908 0
1746549 0
1746311 0
337797 0
334925 0
333818 1
332866 1
335256 1
332860 1
333483 1
2699038 0
1749980 0
976916 0
976879 0
976791 0
935203 1
976902 1
976876 1
962853 1
935181 0
976890 1
976844 1
977312 1
976885 1
935171 0
945526 0
945667 1
865378 1
907486 0
866036 0
905765 1
865426 0
865421 1
865364 0
907309 1
908733 0
865362 1
865330 1
907469 0
865562 0
865361 0
865327 1
907260 0
907047 1
865468 0
865336 1
875738 0
876194 1
873807 0
850980 1
851319 0
850217 0
875342 0
874189 0
851609 0
860168 1
873943 1
850136 0
876010 0
860885 0
851390 0
875572 0
860864 0
851024 1
875296 0
875051 0
1038124 0
620865 0
1038042 0
1021865 0
621328 0
1022045 0
620800 0
1006507 1
1037547 1
1006385 0
621233 0
522799 1
439503 0
443457 0
520876 0
520708 1
522894 1
522876 0
523179 1
520508 1
521233 1
444344 0
520740 0
520613 0
521222 0
520908 1
520733 0
523155 1
444903 0
442475 0
520714 1
976704 1
976667 1
976523 1
976489 1
976450 1
976697 0
976659 0
976483 0
976658 1
976436 1
1003470 0
1003369 1
1003203 1
976656 1
976602 1
976520 1
1002997 0
1003466 1
1003405 1
1003332 1
976648 1
1003448 1
1003298 1
976684 1
976640 1
1003440 1
1003235 1
976455 1
1003218 1
619998 0
476216 1
481224 0
572121 0
479447 0
476970 1
481675 0
478373 1
480924 1
480732 1
482132 0
572018 0
480682 0
1138711 0
1137887 0
1136409 0
1136124 0
1138703 0
1138112 0
1139077 0
1134300 1
1136183 0
1125615 1
1125569 1
1136125 0
635021 0
635274 0
635256 0
1149138 0
1149109 0
1149792 0
1148836 0
1149658 0
1149163 1
1148828 1
1148891 0
1148819 0
1149003 1
1149054 0
1149675 1
1148727 0
1093058 1
1092018 0
1092779 0
1148775 0
1148547 1
1092891 0
1148463 0
1140294 0
1148762 1
1040794 0
1092877 0
1092501 1
1092868 0
1148798 0
1092146 1
1264659 1
1264487 0
1265093 1
1245329 0
1244275 1
1245262 1
1265347 0
1265525 1
1263770 0
1263525 1
1244627 0
337123 0
642494 0
642769 0
336183 1
335946 0
642603 0
643612 0
642831 0
642577 0
642342 0
643603 0
642826 0
642427 1
642677 0
644166 1
643315 0
336703 1
642414 0
1261370 0
1261528 0
1230178 1
1260544 0
1260364 0
1260230 0
1261819 1
1230154 0
1229575 1
1260165 1
1229916 0
1230143 1
1260116 0
1261456 1
1230140 0
1229766 0
1450222 0
1448192 0
1448001 1
1479844 0
1477949 0
1477668 0
1477073 0
1446589 0
1478377 0
1447284 0
1494675 0
1493787 0
1448206 0
1479941 0
1478461 0
1478174 0
1448077 0
1448004 0
1446455 0
334464 1
335077 0
737699 1
751186 0
334677 1
750847 0
750569 0
750674 1
334553 1
335139 0
334371 0
334835 1
597026 1
570994 0
574851 0
634773 1
303581 0
574536 1
596534 0
303438 0
581712 0
639586 0
634855 1
671364 0
642511 1
635526 1
570539 1
653582 0
313534 1
793166 1
792996 1
791784 1
791413 1
793029 1
793552 1
791607 1
791523 1
792979 1
793529 1
793020 1
793858 0
793067 0
793006 1
793296 1
791572 1
791432 1
791369 1
793195 1
793192 0
793122 1
793052 0
792998 1
318755 0
1495812 1
331435 1
318345 0
1495778 1
1382973 1
1383150 0
1447896 1
1383781 1
1383669 1
1382758 0
1383330 1
331512 0
1447730 1
1384169 1
1383322 0
1382311 0
331395 1
1383759 1
1383601 1
1430527 0
1384125 1
330841 0
330628 0
1447902 0
1430286 1
1383744 0
1382985 0
330427 0
1383576 0
946187 0
599101 0
934800 0
947448 1
946371 0
616626 0
934892 0
934641 1
599134 1
617627 0
617281 0
865047 1
821676 0
865310 1
865193 0
865166 0
821786 1
821372 1
865253 1
865140 0
865286 0
865213 1
865159 1
656654 0
523706 1
532659 1
533117 1
536577 0
534015 1
523814 0
818508 1
750018 0
750171 1
747208 1
734101 0
733882 1
720400 1
717197 1
718194 1
696374 1
716630 1
680973 0
681236 0
876033 0
873940 1
860360 0
849197 0
642467 0
642394 0
652983 0
643902 0
653402 0
639062 0
638739 0
641462 0
637338 0
640096 1
637291 0
636695 0
638302 0
622920 1
635530 0
621883 1
619970 0
617197 1
620101 0
620311 1
619232 0
617437 1
622383 0
635240 0
621991 0
619958 1
621095 0
618824 0
619632 0
596604 0
597280 0
598387 1
598060 0
583769 1
597336 0
596447 0
598824 0
583809 0
596348 0
598146 0
580753 1
577135 1
573770 0
575285 1
576761 1
573771 1
493658 0
571334 1
570602 0
493212 0
481362 0
482602 0
483006 1
482369 0
481146 0
482886 0
480181 0
480219 1
481507 0
481867 1
481860 1
483591 0
481949 1
472722 0
475840 0
472801 0
464493 0
464060 0
464134 1
463860 0
455371 0
456249 0
457055 0
457832 0
458513 0
446084 1
444918 0
442484 0
442332 1
438604 0
439010 1
426172 0
439453 0
437213 0
426212 0
426070 0
426010 0
421002 0
423276 0
423177 0
418952 0
406897 0
403071 0
402843 0
354859 1
354601 0
334876 1
338152 1
333486 1
336325 0
334132 0
333102 1
335112 0
336021 1
331646 0
331424 1
318938 0
330613 0
315913 0
317778 0
775189 1
944891 0
779373 1
791719 1
774877 0
760857 1
805218 1
804680 1
945014 0
805835 1
761127 1
760858 0
834225 1
