846160 6
820434 1
849103 4
846353 6
848613 4
846978 6
847332 1
847300 1
846924 6
846452 6
818743 6
1005857 5
1005802 3
1005968 6
1005901 6
1005990 6
1005953 6
1005899 3
620243 1
1005717 6
1005837 3
521046 5
518990 6
518979 5
518988 4
518896 6
521019 6
520353 3
519512 5
520197 6
521117 6
518969 6
518754 6
518913 3
520117 6
518812 6
963217 4
1003047 6
963216 3
961070 6
960606 2
960487 6
961975 2
619095 3
618975 2
619519 4
619105 4
478158 3
533961 4
535634 6
535030 3
536520 3
536592 4
535934 4
535257 6
533799 1
536663 6
536543 6
1108042 6
1107846 6
1107386 5
1107566 3
1107551 2
400635 4
389562 4
1125099 6
389987 3
1040661 3
1040154 3
1077517 6
1040166 6
1077458 3
1077761 6
1077712 3
1077503 6
1077557 5
1040887 3
1077687 5
1077399 4
1077501 3
1040596 4
1077532 6
1077666 6
1040259 6
1040230 3
1077529 4
1077734 3
1077645 6
1077477 6
1077628 1
1077767 1
1077424 4
1244161 6
1247611 6
1248131 6
640532 6
637211 4
637017 2
636618 4
636517 6
1228255 1
1227749 3
1227468 6
1227378 6
1227989 5
1227730 3
1227446 3
1227544 6
1227976 6
1228117 4
1227434 6
1227243 6
1227964 3
1227794 3
1227633 6
1227418 1
1227239 3
1224764 6
1400848 1
1430219 1
1449999 5
1449868 3
723318 6
749109 2
734278 3
722797 5
775403 6
775226 6
775309 1
790029 6
775297 3
598561 2
774935 6
775197 1
775144 6
482571 6
479775 6
459497 3
475063 6
482206 1
463982 3
479543 3
459718 1
792846 1
792656 6
791758 6
793134 6
793009 6
791896 5
791872 5
792016 6
792914 6
792988 6
791901 6
793039 4
792960 3
792867 6
1382621 1
1382413 6
1314895 6
1382197 3
1265881 5
1380433 5
1382381 6
1332871 3
1346255 4
1226115 3
1195602 3
1382644 6
1382015 5
1381903 4
1247764 1
834976 6
834953 5
933757 3
934543 4
934450 6
835372 3
865299 6
806093 3
560899 3
560555 6
865300 6
821944 6
821851 6
560499 6
822470 6
560901 3
560431 3
831853 4
831850 6
832825 6
818194 5
831751 4
803875 6
818486 6
803854 6
831668 6
1004868 6
1004819 6
1004859 6
1005084 6
1005668 6
1004845 6
1005145 4
1005637 3
1005138 3
519074 3
517763 3
517641 6
517589 6
517456 6
518682 4
517757 3
516843 6
517705 6
517326 6
519375 6
517625 6
516984 6
517620 6
517556 3
516714 6
516594 3
516646 6
517500 6
517428 3
516569 3
519076 5
517772 6
517467 6
387455 6
368082 4
368571 6
353114 6
349430 4
335555 4
368442 3
367377 6
335828 4
335551 4
374302 5
367133 3
368514 3
367026 6
335808 3
337692 5
335781 6
335452 5
335768 1
335436 6
935643 3
922316 6
366999 5
944340 1
935514 6
960079 3
944304 1
368542 5
959909 2
2101337 5
2101335 6
2102165 6
2102061 3
2101885 3
524644 5
532880 6
524848 6
532703 6
524391 1
524846 6
524845 3
524351 3
400531 4
1067050 4
1097079 2
1065847 4
1094784 5
1065669 1
1064754 5
1066710 4
1038959 6
1038842 6
1039155 6
1038690 6
1038921 3
1039990 6
1038883 6
1023725 6
1038880 5
1039348 6
1038996 5
1038875 1
1038704 5
1002453 6
1038979 5
1038815 6
1038945 6
1195684 4
1230698 5
1195775 4
1225780 2
871232 6
765039 6
696896 3
681810 1
832342 1
657946 6
334181 6
596247 3
1223764 6
1224496 1
1223761 3
1224492 3
597257 3
1223739 3
1211398 3
1224454 6
597372 1
596455 3
1222665 6
596813 4
596643 3
597159 3
1222578 6
1224259 6
597157 1
1222968 6
597004 1
1222894 3
1383594 4
1396864 3
406747 3
407674 4
1384195 6
1383143 6
1383865 2
407582 1
1383115 2
1383596 6
1383858 6
720866 6
721466 6
718087 6
1279000 6
598801 5
1350327 5
1279123 6
598072 4
1278248 2
1278753 3
1278245 6
597530 6
597616 4
1278569 3
437239 6
406190 6
426173 3
406863 5
407703 3
441164 6
438799 6
407117 4
407600 1
779918 6
779196 4
791140 6
779057 3
779672 6
779429 6
791106 6
779426 6
1195917 6
1179412 1
1162896 3
876696 3
1195446 6
1139544 4
1053953 4
1162792 1
1153720 4
903245 3
1162727 3
1177854 4
1195881 6
1123007 6
1177991 6
1162830 5
1122937 6
819760 4
894582 6
819734 3
819789 3
819928 4
819851 6
834600 4
805986 1
560115 3
805980 6
541305 5
541156 3
540946 4
541140 4
560372 3
541231 6
808846 6
350489 1
808692 5
806802 6
350927 3
808049 6
808029 6
350787 6
1004409 3
989776 3
1004099 6
990152 3
990556 6
1004124 3
990960 3
515926 3
515835 2
516294 4
515470 6
516004 2
515500 6
517242 6
515483 6
517227 4
515860 1
515590 6
515361 1
515735 6
516471 4
515611 6
959862 1
959860 2
959820 2
903231 3
959695 3
948910 3
1109733 6
1109616 6
2102050 3
1082018 6
1037975 6
1038558 6
2101997 1
1110364 5
1109863 6
523831 4
524982 3
524703 6
523934 6
524932 6
524759 3
524656 5
523990 6
523876 1
524067 3
524748 6
524191 1
1068748 5
1053922 4
1066981 4
1077867 6
1068714 2
1078999 4
621720 6
1002759 4
1002370 5
1002364 3
1020580 1
1002830 1
1002668 4
1020649 3
1001588 1
374298 6
387840 6
635981 3
388693 3
618120 3
576062 3
620773 3
574757 3
618692 4
622732 4
440614 3
372899 1
598176 3
400761 3
582093 4
620068 5
423026 6
1210238 6
1209286 6
1210036 1
1223549 6
1224217 6
1210259 4
1382235 5
1382096 3
403578 6
407708 6
1382782 2
404586 5
403654 6
403623 5
1383390 3
719120 2
720411 6
719964 6
719360 2
719193 2
720190 4
692690 6
719429 5
1279508 6
318539 4
403935 3
400720 6
404103 6
403755 3
538218 6
402270 3
406138 6
538578 1
538320 1
536961 3
538114 6
537797 6
537509 6
536913 3
777834 4
778680 5
777536 4
778476 3
777568 3
778733 6
778391 6
778696 6
778529 6
871947 3
871756 3
807658 4
807512 6
747976 6
871154 6
860266 5
872058 6
849182 6
860231 6
851648 6
870856 5
818229 6
870855 6
317222 6
846947 6
748463 6
871047 6
846935 6
790431 6
805411 3
819722 3
805390 6
790062 3
789847 6
820086 6
819970 6
819796 3
819872 6
805408 6
539525 3
539087 5
539324 5
539055 3
540358 1
539536 6
539108 6
988520 6
992105 2
989093 4
988556 6
992031 4
991488 4
988801 5
988794 6
976981 6
976934 6
976978 3
976930 3
514386 2
514016 6
514004 3
513915 6
907725 6
514319 6
514051 6
891364 6
902951 1
870828 6
871695 6
864447 6
902269 3
891219 3
871122 6
875880 1
871045 6
1038333 3
1037920 6
1038386 3
1037652 4
1038304 6
1037884 6
1038416 4
1037771 6
1038449 6
1037686 3
523150 1
521350 5
521132 1
521720 1
522398 1
521648 1
521479 1
522029 6
521952 6
523460 6
522368 3
521641 6
521882 6
1024791 6
1003901 6
976760 6
1003892 4
976758 6
1003858 6
1050526 3
987445 6
1001364 3
576361 3
482719 6
573953 3
573898 4
987791 1
481915 4
1195358 1
1181707 4
1195037 5
1154002 3
317871 4
316441 1
634781 4
334712 3
332940 1
331144 6
350912 6
334682 5
317686 1
313884 1
634957 3
330805 4
318867 3
334467 6
316763 3
635510 6
1193443 3
1193180 3
1196445 2
1196439 2
1193633 6
1197111 1
1193218 5
1150897 6
1149877 3
1193468 3
1197070 6
1193680 3
1150770 3
1149790 6
1379900 3
1378509 6
1281405 6
1366423 6
1282320 6
1365095 3
1380996 6
1364755 3
1378629 6
1329349 3
1264951 4
680284 1
680584 3
653231 4
680058 6
678649 2
680298 1
643707 6
669703 3
642972 6
652935 6
329551 5
1276836 5
1277623 3
329775 6
1277168 3
330537 6
1497623 4
1511542 6
1497580 6
764568 4
762309 3
752234 6
764395 5
750284 5
720387 6
695452 6
677460 5
720629 3
681768 6
422226 4
317328 4
313842 6
314112 3
316867 3
426150 6
334798 3
1749974 3
349266 6
335924 6
334713 6
334351 4
334225 3
332935 5
335040 4
334176 3
332941 4
333908 3
1746311 3
337797 3
334925 3
333818 6
335256 5
332860 6
333483 6
1749980 3
976916 3
976879 3
976791 4
935203 6
976902 6
935181 4
976890 6
976885 6
935171 4
945526 3
945667 6
865378 6
907486 4
905765 6
865426 3
865364 3
907309 6
865362 5
865330 6
907260 3
873807 3
874189 3
860168 5
873943 5
876010 3
860885 4
875572 4
875296 2
875051 3
1038124 3
1038042 3
1022045 3
620800 3
522799 6
520876 1
520708 6
522876 4
520508 6
521233 6
520740 1
520613 4
521222 4
520908 6
523155 6
520714 6
976704 6
976667 6
976489 5
976697 2
976659 3
976483 3
976436 6
1003470 4
976602 6
1003466 6
1003405 5
1003332 6
976648 6
1003448 6
976455 6
1003218 6
619998 3
476216 6
481224 4
572121 1
476970 6
481675 1
478373 6
480924 6
480732 6
572018 2
480682 2
1139077 3
1125615 6
635274 4
1149138 3
1148836 4
1148828 5
1148891 3
1149003 6
1149675 6
1093058 6
1092018 1
1148547 6
1148463 4
1092877 2
1092501 5
1148798 4
1092146 6
1264659 6
1245329 3
1265347 3
1265525 6
1263770 3
1263525 6
1244627 4
336183 6
335946 1
642577 3
642342 4
643603 2
642427 6
336703 6
1261370 3
1261528 4
1230178 6
1260230 4
1261819 6
1229575 6
1260116 3
1230140 3
1229766 1
1448001 6
1477949 1
1477668 1
1477073 1
1446589 3
1447284 3
1448206 2
1479941 1
1478461 4
334464 5
335077 1
737699 5
334677 6
334553 6
334835 6
597026 6
570994 1
303581 3
596534 3
303438 3
581712 2
639586 1
634855 6
671364 3
642511 6
635526 6
570539 5
653582 3
313534 6
793166 5
792996 6
791784 5
791607 6
793529 6
793020 6
793006 6
791432 6
793122 6
792998 6
1495812 6
1383367 3
331435 6
1495778 6
1382780 6
1383150 1
1447896 6
1383669 6
1382758 3
1383330 5
331512 3
1447730 6
1384169 5
1383322 1
1382311 3
331395 5
1383601 6
1430527 1
1383744 3
330427 3
946187 4
599101 4
934800 4
616626 3
934892 3
599134 6
617627 4
617281 3
865047 6
821676 3
865166 4
865140 4
656654 1
532659 6
536577 1
534015 6
818508 6
747208 5
734101 3
720400 6
717197 5
696374 6
681236 4
876033 3
873940 6
860360 4
642394 3
643902 3
638739 4
637338 3
637291 3
636695 1
638302 1
622920 6
635530 4
621883 6
619970 3
617197 6
620311 6
617437 6
622383 4
619958 6
618824 3
597280 3
598060 3
583769 5
596447 1
598824 1
596348 1
598146 4
580753 1
573770 1
575285 6
493658 4
571334 6
493212 4
481362 2
482602 4
483006 6
482369 3
481146 4
481507 4
481867 5
475840 4
472801 3
464134 6
463860 4
456249 4
458513 4
446084 6
444918 3
426172 4
437213 3
426010 1
418952 4
406897 3
403071 3
354859 5
354601 3
334876 6
338152 6
336325 3
334132 3
336021 6
331646 3
331424 6
330613 3
315913 3
775189 6
779373 6
760857 6
805218 6
945014 4
805835 6
834225 6
