846160 5
820434 0
849103 3
846353 5
848613 3
846978 5
847332 0
847300 0
846924 5
846452 5
818743 5
1005857 4
1005802 2
1005968 5
1005901 5
1005990 5
1005953 5
1005899 2
620243 0
1005717 5
1005837 2
521046 4
518990 5
518979 4
518988 3
518896 5
521019 5
520353 2
519512 4
520197 5
521117 5
518969 5
518754 5
518913 2
520117 5
518812 5
963217 3
1003047 5
963216 2
961070 5
960606 1
960487 5
961975 1
619095 2
618975 1
619519 3
619105 3
478158 2
533961 3
535634 5
535030 2
536520 2
536592 3
535934 3
535257 5
533799 0
536663 5
536543 5
1108042 5
1107846 5
1107386 4
1107566 2
1107551 1
400635 3
389562 3
1125099 5
389987 2
1040661 2
1040154 2
1077517 5
1040166 5
1077458 2
1077761 5
1077712 2
1077503 5
1077557 4
1040887 2
1077687 4
1077399 3
1077501 2
1040596 3
1077532 5
1077666 5
1040259 5
1040230 2
1077529 3
1077734 2
1077645 5
1077477 5
1077628 0
1077767 0
1077424 3
1244161 5
1247611 5
1248131 5
640532 5
637211 3
637017 1
636618 3
636517 5
1228255 0
1227749 2
1227468 5
1227378 5
1227989 4
1227730 2
1227446 2
1227544 5
1227976 5
1228117 3
1227434 5
1227243 5
1227964 2
1227794 2
1227633 5
1227418 0
1227239 2
1224764 5
1400848 0
1430219 0
1449999 4
1449868 2
723318 5
749109 1
734278 2
722797 4
775403 5
775226 5
775309 0
790029 5
775297 2
598561 1
774935 5
775197 0
775144 5
482571 5
479775 5
459497 2
475063 5
482206 0
463982 2
479543 2
459718 0
792846 0
792656 5
791758 5
793134 5
793009 5
791896 4
791872 4
792016 5
792914 5
792988 5
791901 5
793039 3
792960 2
792867 5
1382621 0
1382413 5
1314895 5
1382197 2
1265881 4
1380433 4
1382381 5
1332871 2
1346255 3
1226115 2
1195602 2
1382644 5
1382015 4
1381903 3
1247764 0
834976 5
834953 4
933757 2
934543 3
934450 5
835372 2
865299 5
806093 2
560899 2
560555 5
865300 5
821944 5
821851 5
560499 5
822470 5
560901 2
560431 2
831853 3
831850 5
832825 5
818194 4
831751 3
803875 5
818486 5
803854 5
831668 5
1004868 5
1004819 5
1004859 5
1005084 5
1005668 5
1004845 5
1005145 3
1005637 2
1005138 2
519074 2
517763 2
517641 5
517589 5
517456 5
518682 3
517757 2
516843 5
517705 5
517326 5
519375 5
517625 5
516984 5
517620 5
517556 2
516714 5
516594 2
516646 5
517500 5
517428 2
516569 2
519076 4
517772 5
517467 5
387455 5
368082 3
368571 5
353114 5
349430 3
335555 3
368442 2
367377 5
335828 3
335551 3
374302 4
367133 2
368514 2
367026 5
335808 2
337692 4
335781 5
335452 4
335768 0
335436 5
935643 2
922316 5
366999 4
944340 0
935514 5
960079 2
944304 0
368542 4
959909 1
2101337 4
2101335 5
2102165 5
2102061 2
2101885 2
524644 4
532880 5
524848 5
532703 5
524391 0
524846 5
524845 2
524351 2
400531 3
1067050 3
1097079 1
1065847 3
1094784 4
1065669 0
1064754 4
1066710 3
1038959 5
1038842 5
1039155 5
1038690 5
1038921 2
1039990 5
1038883 5
1023725 5
1038880 4
1039348 5
1038996 4
1038875 0
1038704 4
1002453 5
1038979 4
1038815 5
1038945 5
1195684 3
1230698 4
1195775 3
1225780 1
871232 5
765039 5
696896 2
681810 0
832342 0
657946 5
334181 5
596247 2
1223764 5
1224496 0
1223761 2
1224492 2
597257 2
1223739 2
1211398 2
1224454 5
597372 0
596455 2
1222665 5
596813 3
596643 2
597159 2
1222578 5
1224259 5
597157 0
1222968 5
597004 0
1222894 2
1383594 3
1396864 2
406747 2
407674 3
1384195 5
1383143 5
1383865 1
407582 0
1383115 1
1383596 5
1383858 5
720866 5
721466 5
718087 5
1279000 5
598801 4
1350327 4
1279123 5
598072 3
1278248 1
1278753 2
1278245 5
597530 5
597616 3
1278569 2
437239 5
406190 5
426173 2
406863 4
407703 2
441164 5
438799 5
407117 3
407600 0
779918 5
779196 3
791140 5
779057 2
779672 5
779429 5
791106 5
779426 5
1195917 5
1179412 0
1162896 2
876696 2
1195446 5
1139544 3
1053953 3
1162792 0
1153720 3
903245 2
1162727 2
1177854 3
1195881 5
1123007 5
1177991 5
1162830 4
1122937 5
819760 3
894582 5
819734 2
819789 2
819928 3
819851 5
834600 3
805986 0
560115 2
805980 5
541305 4
541156 2
540946 3
541140 3
560372 2
541231 5
808846 5
350489 0
808692 4
806802 5
350927 2
808049 5
808029 5
350787 5
1004409 2
989776 2
1004099 5
990152 2
990556 5
1004124 2
990960 2
515926 2
515835 1
516294 3
515470 5
516004 1
515500 5
517242 5
515483 5
517227 3
515860 0
515590 5
515361 0
515735 5
516471 3
515611 5
959862 0
959860 1
959820 1
903231 2
959695 2
948910 2
1109733 5
1109616 5
2102050 2
1082018 5
1037975 5
1038558 5
2101997 0
1110364 4
1109863 5
523831 3
524982 2
524703 5
523934 5
524932 5
524759 2
524656 4
523990 5
523876 0
524067 2
524748 5
524191 0
1068748 4
1053922 3
1066981 3
1077867 5
1068714 1
1078999 3
621720 5
1002759 3
1002370 4
1002364 2
1020580 0
1002830 0
1002668 3
1020649 2
1001588 0
374298 5
387840 5
635981 2
388693 2
618120 2
576062 2
620773 2
574757 2
618692 3
622732 3
440614 2
372899 0
598176 2
400761 2
582093 3
620068 4
423026 5
1210238 5
1209286 5
1210036 0
1223549 5
1224217 5
1210259 3
1382235 4
1382096 2
403578 5
407708 5
1382782 1
404586 4
403654 5
403623 4
1383390 2
719120 1
720411 5
719964 5
719360 1
719193 1
720190 3
692690 5
719429 4
1279508 5
318539 3
403935 2
400720 5
404103 5
403755 2
538218 5
402270 2
406138 5
538578 0
538320 0
536961 2
538114 5
537797 5
537509 5
536913 2
777834 3
778680 4
777536 3
778476 2
777568 2
778733 5
778391 5
778696 5
778529 5
871947 2
871756 2
807658 3
807512 5
747976 5
871154 5
860266 4
872058 5
849182 5
860231 5
851648 5
870856 4
818229 5
870855 5
317222 5
846947 5
748463 5
871047 5
846935 5
790431 5
805411 2
819722 2
805390 5
790062 2
789847 5
820086 5
819970 5
819796 2
819872 5
805408 5
539525 2
539087 4
539324 4
539055 2
540358 0
539536 5
539108 5
988520 5
992105 1
989093 3
988556 5
992031 3
991488 3
988801 4
988794 5
976981 5
976934 5
976978 2
976930 2
514386 1
514016 5
514004 2
513915 5
907725 5
514319 5
514051 5
891364 5
902951 0
870828 5
871695 5
864447 5
902269 2
891219 2
871122 5
875880 0
871045 5
1038333 2
1037920 5
1038386 2
1037652 3
1038304 5
1037884 5
1038416 3
1037771 5
1038449 5
1037686 2
523150 0
521350 4
521132 0
521720 0
522398 0
521648 0
521479 0
522029 5
521952 5
523460 5
522368 2
521641 5
521882 5
1024791 5
1003901 5
976760 5
1003892 3
976758 5
1003858 5
1050526 2
987445 5
1001364 2
576361 2
482719 5
573953 2
573898 3
987791 0
481915 3
1195358 0
1181707 3
1195037 4
1154002 2
317871 3
316441 0
634781 3
334712 2
332940 0
331144 5
350912 5
334682 4
317686 0
313884 0
634957 2
330805 3
318867 2
334467 5
316763 2
635510 5
1193443 2
1193180 2
1196445 1
1196439 1
1193633 5
1197111 0
1193218 4
1150897 5
1149877 2
1193468 2
1197070 5
1193680 2
1150770 2
1149790 5
1379900 2
1378509 5
1281405 5
1366423 5
1282320 5
1365095 2
1380996 5
1364755 2
1378629 5
1329349 2
1264951 3
680284 0
680584 2
653231 3
680058 5
678649 1
680298 0
643707 5
669703 2
642972 5
652935 5
329551 4
1276836 4
1277623 2
329775 5
1277168 2
330537 5
1497623 3
1511542 5
1497580 5
764568 3
762309 2
752234 5
764395 4
750284 4
720387 5
695452 5
677460 4
720629 2
681768 5
422226 3
317328 3
313842 5
314112 2
316867 2
426150 5
334798 2
1749974 2
349266 5
335924 5
334713 5
334351 3
334225 2
332935 4
335040 3
334176 2
332941 3
333908 2
1746311 2
337797 2
334925 2
333818 5
335256 4
332860 5
333483 5
1749980 2
976916 2
976879 2
976791 3
935203 5
976902 5
935181 3
976890 5
976885 5
935171 3
945526 2
945667 5
865378 5
907486 3
905765 5
865426 2
865364 2
907309 5
865362 4
865330 5
907260 2
873807 2
874189 2
860168 4
873943 4
876010 2
860885 3
875572 3
875296 1
875051 2
1038124 2
1038042 2
1022045 2
620800 2
522799 5
520876 0
520708 5
522876 3
520508 5
521233 5
520740 0
520613 3
521222 3
520908 5
523155 5
520714 5
976704 5
976667 5
976489 4
976697 1
976659 2
976483 2
976436 5
1003470 3
976602 5
1003466 5
1003405 4
1003332 5
976648 5
1003448 5
976455 5
1003218 5
619998 2
476216 5
481224 3
572121 0
476970 5
481675 0
478373 5
480924 5
480732 5
572018 1
480682 1
1139077 2
1125615 5
635274 3
1149138 2
1148836 3
1148828 4
1148891 2
1149003 5
1149675 5
1093058 5
1092018 0
1148547 5
1148463 3
1092877 1
1092501 4
1148798 3
1092146 5
1264659 5
1245329 2
1265347 2
1265525 5
1263770 2
1263525 5
1244627 3
336183 5
335946 0
642577 2
642342 3
643603 1
642427 5
336703 5
1261370 2
1261528 3
1230178 5
1260230 3
1261819 5
1229575 5
1260116 2
1230140 2
1229766 0
1448001 5
1477949 0
1477668 0
1477073 0
1446589 2
1447284 2
1448206 1
1479941 0
1478461 3
334464 4
335077 0
737699 4
334677 5
334553 5
334835 5
597026 5
570994 0
303581 2
596534 2
303438 2
581712 1
639586 0
634855 5
671364 2
642511 5
635526 5
570539 4
653582 2
313534 5
793166 4
792996 5
791784 4
791607 5
793529 5
793020 5
793006 5
791432 5
793122 5
792998 5
1495812 5
1383367 2
331435 5
1495778 5
1382780 5
1383150 0
1447896 5
1383669 5
1382758 2
1383330 4
331512 2
1447730 5
1384169 4
1383322 0
1382311 2
331395 4
1383601 5
1430527 0
1383744 2
330427 2
946187 3
599101 3
934800 3
616626 2
934892 2
599134 5
617627 3
617281 2
865047 5
821676 2
865166 3
865140 3
656654 0
532659 5
536577 0
534015 5
818508 5
747208 4
734101 2
720400 5
717197 4
696374 5
681236 3
876033 2
873940 5
860360 3
642394 2
643902 2
638739 3
637338 2
637291 2
636695 0
638302 0
622920 5
635530 3
621883 5
619970 2
617197 5
620311 5
617437 5
622383 3
619958 5
618824 2
597280 2
598060 2
583769 4
596447 0
598824 0
596348 0
598146 3
580753 0
573770 0
575285 5
493658 3
571334 5
493212 3
481362 1
482602 3
483006 5
482369 2
481146 3
481507 3
481867 4
475840 3
472801 2
464134 5
463860 3
456249 3
458513 3
446084 5
444918 2
426172 3
437213 2
426010 0
418952 3
406897 2
403071 2
354859 4
354601 2
334876 5
338152 5
336325 2
334132 2
336021 5
331646 2
331424 5
330613 2
315913 2
775189 5
779373 5
760857 5
805218 5
945014 3
805835 5
834225 5
